100
7203246
6865010
8184167
2872729
5
615403
7551991
8603593
2044523
6463741
4572049
3949061
9309119
11
8
9999163
3023326
9999971
3929879
6987083
4751053
4936439
9682616
1221469
1144
9999930
983469
9999972
9999995
9971849
8291470
86293
3323191
559513
6716541
592432
7762723
13
8697851
10
8460583
4
4461642
8248729
5001361
8763892
8873129
5094841
9999991
3132736
6537523
3877633
6697461
9999999
8237213
6
9325574
9
4461643
5462959
9999161
12
1281246
9999997
5388168
9999996
9999931
1264969
2196613
9999973
1862603
4170220
3910981
9010879
4046177
4125389
3702389
1
5331653
9516811
9999998
9999162
2
1403870
3191803
5103067
390548
3410821
2360890
1481717
2610613
7783893
9999929
9987391
3
4461641
928009
2295773
10000000
7
