90
201 200 1
772477760607603687 238547547912122280 11585249370778072
426193744388488444 94532054603213952 474070809732471360
307082582931576672 32444830435625575 83483632571934910
249547091106509124 4783897035775276 87904966708779930
695762976748571460 264452967363670360 150838813689150244
250 180 7
90673193592484380 46831348518596952 267909103250045284
221405756146964915 186424654324164710 890504426710054240
405993049386858066 243610625269299117 21450020251859570
432557330144274720 409345639517845192 165446898272607852
495990428810520676 18885738079286169 78234271707244663
250 180 8
367170830405506664 1968088193377358 405256744559600516
633017514829209001 103027084569292692 671453054252717880
250 180 6
221698042627448100 146178912525454150 16389470401140096
132446667731459565 11191094227443300 530420845402911780
373868218924203009 110068475810000488 176257064294994456
797158923275936525 373979683273376832 94404445405750808
343033763200378432 34463824966815376 53557503230635933
617678570881956600 212032392524324568 323815526341700184
250 180 3
185 183 2
265706450016039120 195800848612380018 146553797709469300
383559415311140402 166843837396756350 675006289322640220
250 180 5
66167333428448560 15799451508235460 498512251858397474
648431762988169215 404465766467323860 68540020564700473
153921450095618896 109904247944577162 62860720914180000
355201150419470880 124367535743497685 812060495325651660
245228252012425644 70152821095283836 108951133082862820
470099553951860868 147679126437803736 192062758511508744
603801865643617662 42497323487076815 56149370458221225
183794891922546792 11452403025307152 90439872758023413
214583770295363106 69229185582086495 289202872636535760
77665544332211 11223344556677 0
455910286617884786 167459099031375530 208782463683555650
250 180 4
408177997100500200 401595501136817280 294155213762357145
96013867419309042 32596782990594610 367618210047729223
493365223605973264 450528798042911455 737695165889638656
706222746519015248 421041598191873960 279578077765942530
250 180 1
419207806048124808 9477696772386600 411092707308474780
446575340883013577 102440853569408994 700169277227689254
391279766533881459 247399985435506989 183354041923547386
402494627858198736 124484637036796004 120430823502705058
75300826847265690 8261518418721672 373297028391454862
616740931928871920 13551599020239 120993049628257312
356785612347205260 24491933679921605 211160526969766920
343629357118037949 4679451420204756 472610987596264192
329844421563242300 272168307499812438 699224428584740420
319480330638144992 138289468496064432 284236953298332918
368343935072019540 267318102809965548 163924717898605739
55734636628018368 6207489829159770 68214428663472
590293694070288075 93785113464380310 156743395662723631
243017954929152970 81985813851266897 60194972134316105
465039304799792912 338791582003528386 64194675421129764
136954494940961280 73093304696359080 206252361653160357
956022712934857120 24497078255131785 277430889995585248
268730947250374810 30969612486836015 220370769158820148
497037550136922775 9406677436513318 428375797174706144
142297327781979860 40867421787744542 387937021871892349
189225499158751013 180564607640781792 460232581720028364
302620129558596900 195687843452950264 99272987829424991
222408383811329412 41350015118554064 46875626258614713
306144589086371610 20974525130306495 266425279757945308
873860681335491140 154400248919512052 46349012138667419
200109538285010289 49363744160568300 240706982980573720
45065654823849248 22145763358690334 171176646724423875
335409455984614092 238039378554736460 787799729458091823
231673860243175672 96175474973701252 5143128828275680
650741289190765900 584935419091047174 8077451659288947
47216103097285788 46165210693233920 5605479616098745
98666454349872745 23148379857762494 76724890440754608
1000000000000000000 123456789123456789 987654321987654321
111157341370415298 9994578135350578 145626330681856224
656966125271652759 115845025123221248 3257725387356363
944241200996631300 242259594615544632 123571133462185542
250 180 2
253462616584961972 10567931421935888 267775867591040718
205561667385181119 120145170122748288 15157895919535350
72106149636160675 69504745510204970 270634237692886828
716549248506563361 187631808111218376 384016666328928
675198952120020504 12693828525390824 98003652468530252
250 180 0
83716485936440 64528193749358 1938563682
214940384476010862 10703018569558194 72638084380358484
278021243259829440 257979971062493400 463911998354142588
