100
121 121 11
490 499674 1
999 99999 78788
2519 171840 3
100000 1000000000000000000 3
2428 914457 2
573 319349 5
1000000000 1000000000000000000 1
7243 39232 6
2433 588437 7
2228 961000 6
3568 887100 8
9929 160753 4
8129 512819 4
852 514597 2
5303 577653 4
4401 792858 5
886 56750 8
3825 934105 6
34432 9999920 222
1209 371972 7
646 753992 3
8621 305784 1
8145 485026 9
2684 313879 3
0 100 2
3491 376189 1
6673 645665 9
5630 555906 6
7998 968182 1
9705 834597 8
1396 974496 5
2675 641763 3
2871 611476 1
0 1000000000000000000 1
1033 109791 2
4766 385349 3
4370 274443 1
0 1000000000000000000 1000000000
9974 603759 9
1516 476245 5
2035 587687 6
6311 744038 5
400 793131 4
1329 665400 3
3127 909969 3
3286 977701 4
121 131 1
938 717057 3
9151 163110 6
21345 4441283 13
4609 64949 8
8135 346033 4
3748 207521 4
8892 186601 5
10 22322 2
7597 115191 5
4153 196591 1
5579 763362 2
0 132 1
9385 146808 1
1813 539974 3
1002 914907 8
2590 45700 5
9046 160519 7
2965 769993 4
1108 708286 6
4945 279540 7
9523 81976 5
6760 325542 7
2789 205886 5
9628 221919 9
7558 716225 8
3976 759716 7
3376 156586 6
6153 882984 8
9390 517315 4
4131 988357 1
2499 989424 7
9325 343906 8
9481 668314 4
6916 519450 6
5272 393026 2
9286 976503 2
1616 875376 6
7977 626769 9
6574 530230 2
1551 635917 7
9352 507517 9
5759 165757 6
8439 865622 9
1363 123520 8
39 1000000 3
258 978067 6
8764 690922 4
2739 884729 5
1056 45030 4
8989 909410 5
121 132 1
22322 22322 1
